6807
-8874
-1055
4414
1728
-2237
-7507
7990
-5012
7353
-6736
-7604
5273
9331
-7753
-4370
267
903
7674
5436
9479
9432
4472
7258
8709
4358
-6775
68
-2849
-9951
-8643
-4010
-4667
-5829
-5222
-7609
3054
7935
173
9596
-4557
-4823
-6198
8450
5533
-6059
7411
9102
914
9501
2704
-140
1179
-1572
7095
3613
5888
-4184
1910
4401
591
-9504
3116
-6230
1867
3816
2402
7667
-3532
-2985
-3462
7737
8886
-102
-3013
9948
8032
-841
7663
8974
5234
-3366
3926
2583
3295
-3398
1058
2518
2141
8894
7151
-1766
-8183
1773
-6715
-9266
2472
9986
-4478
-1456
3812
4658
3034
6682
4633
7981
-2976
8849
-5089
-5617
9034
-4112
-9800
-1462
-3454
5890
-9012
7557
1231
6409
491
-5925
-8728
-6474
3510
-244
8413
8772
1584
6869
-7293
5355
-4059
-3303
-657
2192
2039
-1128
626
-887
-4769
-7750
5026
7151
-3960
5902
-9587
27
265
-5445
-1850
2907
5564
3872
-823
7660
8685
-3164
-7839
9902
-487
8353
-5987
4948
2192
2283
428
2596
636
6480
1141
-9697
1467
-8677
-9786
-9636
-620
653
-5463
6062
9858
8655
-1583
5507
-719
9275
-9471
7296
3768
-9
7546
7645
1272
2135
-9529
3904
-6105
-1925
-2491
5606
-8731
-8100
2830
-2078
6293
752
5289
-5201
1564
4944
-2368
6432
-1421
-7142
6331
3374
-2164
7518
-6876
8576
-7797
-4499
-1751
5777
-3832
-5058
8187
6101
9131
7884
5904
-5000
-8309
-5961
-4598
3563
-1734
-9874
6294
-2489
-8966
6243
-3343
-9103
1757
792
9403
-3384
5555
6155
7781
-2456
7775
-8096
4382
-1
1925
-7340
4493
-1791
9304
-2202
1858
-8596
-4101
-2373
-8907
-4668
-1966
-202
-4915
5789
-7658
-4649
-2753
101
-6763
3542
-9809
4856
-8850
-9803
7959
7229
6301
-9632
-9903
-5683
4849
-1292
-730
-1806
2480
7872
-4634
3695
7216
7174
-424
-157
5299
-3618
2745
2356
9341
6215
997
6059
-2124
-8711
-3721
-5356
6085
3445
7783
-7213
1999
-5649
5770
-1747
-2500
5951
-6212
-3338
-810
2013
3270
3052
-9595
2329
2798
5123
6680
-675
-1738
9560
-2733
-9443
5217
-3316
3352
5124
4775
6317
9720
9802
536
-6018
510
-4579
-4412
9106
-3551
6334
2435
2271
3410
-4330
5567
-5118
-2471
-5503
1476
7608
-9219
-5581
9122
-8888
-1096
2687
-43
170
-5983
-7986
-1601
-2445
-592
-2951
7291
-5578
4514
-5091
6887
-3021
-4429
4775
5259
1623
6391
-2466
8465
-8912
145
7996
8163
-1734
1603
-8532
9988
9402
2130
-2763
5488
6613
-1525
-4215
3378
39
8375
-579
2647
1827
7295
-2987
4052
-5636
9647
-1587
3067
8234
-7189
-4343
8612
941
-8875
5422
-4103
-760
5251
-7532
6416
7244
-8966
-880
-7818
9097
-2279
7262
-7217
-3548
-9851
-7558
-8151
-3461
-9813
-1603
-9184
8981
3537
8574
452
-4855
-6950
8161
2231
9580
-3644
-9068
-5603
-1208
-9989
9734
8650
1534
8194
4613
1867
-3667
-8102
-875
-5564
-9211
4696
-7052
-37
-399
2587
7567
1924
129
5965
-9453
8124
-1698
-813
1576
4881
7498
-9312
7282
2219
-4854
-421
2927
327
4963
-5404
-6861
8293
-151
8358
6723
9791
569
-1612
-5942
3655
6267
907
-8744
1036
-7751
-7230
-8754
504
-4218
-9056
-494
5310
9242
-1048
566
-3033
-6069
-2804
2557
1686
8282
-8897
5176
6365
722
8816
-1593
7693
-3253
154
8257
-1756
-5246
7495
-5969
7179
-507
-4333
-4261
2771
2206
-3864
-1984
-4003
5260
223
4271
7863
-8598
4323
171
-9470
6195
-686
6273
-9600
5960
4272
-1175
7432
-1515
9744
-9493
7321
9452
909
5070
-1165
-290
-8415
-1132
3395
9956
-9352
783
2410
4136
221
6820
-7206
-1699
-2706
-1754
4535
5372
7481
5899
5930
2595
5972
7949
-2484
3362
2815
-9810
6558
-4667
-8231
-7787
-5912
-590
-7690
356
-9098
-3298
7668
1045
-1814
904
3714
1947
6092
6656
1462
8371
-7119
-9225
-9660
-9282
-7025
-508
-4591
-2180
7541
3114
5136
401
5400
3760
48
6246
-2140
-3078
1949
4495
3206
6394
-6114
-6981
-560
-7642
4115
2275
2964
6073
3311
69
1885
-2679
5134
8488
-9550
843
-9929
7663
1029
-5099
8221
-9689
-5022
-5396
5151
-9611
-9373
7268
2075
-1337
1807
-2222
-1030
5263
4162
-5050
-5448
-4768
-4981
2102
3685
-865
-7033
2279
7099
-9727
8366
9651
1218
3935
6302
2083
-5727
-9215
6631
8945
3571
-1242
6305
-6348
2079
-5712
-562
4790
-761
2305
-1218
3710
8612
6473
-6005
247
-7439
7492
-4670
3819
-6276
5316
-3940
-1837
-1173
-5474
1350
2640
-5174
-7189
3360
-4827
9346
-9848
8129
-1776
5319
1270
6677
608
3020
4949
712
6522
-9305
4635
8258
5745
-1878
-1432
7553
9924
1393
8283
6927
-7215
4764
7757
339
4376
-1459
6604
-2951
-8727
1607
-3145
-9980
-6425
8454
9929
5789
9024
-5065
-3812
-8927
-6561
-4498
-2272
8878
5199
3499
3501
-3931
9490
9400
-1551
-4973
-3810
-2321
823
-8760
6428
-3905
993
2779
-2191
-2211
-2141
2431
-6785
4266
2525
9155
-4294
-1225
1630
6854
-1958
-9020
-6427
-9821
-8731
-8566
8467
8943
6943
-5040
-507
5922
8138
-863
-9806
-3854
-184
-944
7740
9727
3669
1623
1609
7576
-6542
-130
-5160
7655
-4680
-6694
-9038
3130
3293
185
-4103
-5780
9400
3970
-4458
1851
5579
-5617
5691
-2544
302
2681
632
4219
-953
-7267
-8574
1664
5879
2849
6359
-7617
-6507
5311
2939
5306
8961
-4003
9555
9903
-1476
-3653
-8209
1907
7451
-5460
5150
-7784
4268
-7488
3617
1627
-9315
4849
-3340
6600
-7730
3282
5155
-8381
-1948
8218
842
-3447
-5611
2463
-9488
8343
5136
-4213
-3209
9912
9814
-6541
-4544
-3058
-3295
7741
4925
4684
-9236
845
8723
9580
1518
-3117
-9242
-8966
-4104
1870
9545
784
1423
-3188
-9971
5790
-3208
-2348
-3527
3831
-2873
1589
3195
-9088
6637
-2248
5298
929
504
-5966
-2763
-8172
8021
4466
-3445
-2060
-3500
-2876
-3515
4530
4630
-1847
1681
2597
8242
5505
2631
-5362
5017
3258
2668
484
-9964
-162
2315
-2736
6285
-5778
-1971
6518
1288
8131
9533
-7789
-3874
5544
981
-675
-25
2404
-9808
6801
-8557
-3328
-5134
1818
-7277
7198
-8417
-6696
-7979
2363
55
8931
8625
8077
-7094
-1971
-7043
-6473
3250
2638
-8824
8589
-9223
9825
-3699
2465
2060
9694
9832
-8693
-6582
7734
5263
-4929
4386
3579
-6267
1787
4668
-2733
-4576
5215
-3658
7220
-6675
3480
2897
-1308
-3787
-7312
2041
-4884
-745
-403
-1598
-8102
1630
2864
8264
9854
1519
-3043
3753
-2436
-6255
9500
4629
-8934
6189
-3930
166
5691
7280
914
-3188
9747
-3586
2890
-2433
6294
9686
-6620
-2437
975
-5079
1693
-7687
-9789
9746
7044
-5169
-295
9471
-7792
5352
5223
-9
-6699
-6488
4890
-4849
-7606
1434
13
-7435
-1627
-8596
281
-3023
4550
-8982
7036
-3881
-9849
-8299
3423
1154
5221
291
-9998
3466
-7824
-4044
6070
-8013
-9992
1441
-6384
-7868
809
-5909
2508
3153
2320
-1853
-896
-3347
2296
5124
7684
-4873
3139
8503
9630
4375
-5125
-7473
644
-2706
3287
-4659
9999
2797
-6611
-1368
-8834
3534
-9966
6971
781
8151
2328
5067
-1754
-4292
9119
-5901
16
-1969
-1358
-5059
7808
618
6795
6054
3161
9838
-3240
-5521
-3067
2162
-907
-9135
-6213
76
4024
-8467
-2704
6425
6122
-2934
-5992
1840
-3861
-7076
4336
91
7143
1666
-1467
8260
-1460
7986
4597
8884
-2729
-2886
1483
3413
1023
-9213
-4274
9699
-5624
9056
1265
-8779
-3587
-788
5422
8593
-7997
-7289
6170
-2053
-2361
4408
9313
-4484
8091
-8496
5613
-3072
3739
8870
-1861
-8639
7096
8324
-441
8100
-6017
-8102
-7322
2868
1159
7978
3465
1382
224
4078
8737
-2163
8681
-9071
8960
-9322
6011
-2387
165
-7647
1670
8772
-6013
-9047
487
-1921
2551
-5821
2660
3125
-8867
-8494
59
1400
-7717
-4924
-4119
-7224
7758
-349
-4599
-2999
-2336
1140
8827
-729
-8417
3785
1752
1927
-932
-9436
6307
-2936
-1772
6535
1647
2663
-6675
-9993
2192
3355
-8845
2456
-1564
835
1919
-7463
-6204
-9121
-9806
8474
-8652
3671
-874
-4568
8115
1573
-3859
-1008
-2525
-3743
-1127
6820
5686
-8069
8538
6490
2619
8364
1112
-4818
8778
-572
6956
7873
-9222
1615
-825
1128
7323
-1430
-8069
8878
835
6802
-5387
9403
-9402
763
9424
3004
-3
-4943
9050
-6430
9017
-7835
-2826
-4796
-2644
1994
5083
663
-10000
1339
3578
3249
-5928
3817
-7547
-6845
-7567
1382
-2600
7203
-1295
-2597
61
944
9893
-8235
-4039
9750
3969
3123
8538
76
-8359
-8234
4230
6083
-4490
9730
-8205
3173
-7157
8444
3760
1596
-9871
4256
6320
8856
718
-5687
-105
7596
7529
-2548
-4926
3596
-414
-7477
8625
-3934
702
4258
-2006
4133
-2809
-976
-6573
-4689
6664
2182
1085
-9090
-4072
5974
-3640
-5704
3367
-8967
-4660
951
-7246
6563
6055
617
-7389
-8631
-769
9033
-7051
8702
-2058
9792
-6686
7323
6235
-8557
6500
-5817
2295
2724
8600
-8093
8760
5666
-694
1955
1216
8457
-8284
-438
-5851
-7008
-6619
-5717
6188
-649
3109
4779
2306
8223
2530
-2604
134
-1273
-4893
5093
-8340
2504
1886
-6632
-1554
7394
6280
7890
8577
1362
6227
-1706
6799
-1432
4053
6853
1276
-3111
-4607
2062
-3142
7099
5947
-6637
-114
-9486
3250
3968
-4246
6414
7176
7300
-243
2577
-2315
8513
8460
3052
3716
-4766
3463
-7120
-3627
3794
8272
-6813
1662
-4769
3623
-772
-9490
-2936
-4892
583
9724
4260
-4010
-9407
-212
3065
-7120
3442
-4895
-6390
-5022
9480
1123
9233
1046
8330
2194
-885
-564
1743
-7410
-6093
-6392
8674
-621
-3337
-5618
1856
171
-3876
-146
-3438
4721
4802
7876
-5366
8869
-4145
6998
6905
-6327
-9424
3675
-6073
6298
832
8924
9117
-8510
3285
-1787
-8822
-3104
-3264
5600
4137
4028
-4332
9627
-1105
7275
-7370
-3754
-6273
6161
3348
-4794
-7502
-7012
-9917
8251
2755
-1196
-2205
-3680
-2848
3221
-505
-401
-191
-3522
-534
-2461
7812
-4519
9153
6055
6329
-9531
-8687
3758
3953
-6143
-135
2763
-5456
789
-5050
5281
4355
-3212
-3444
3415
1753
8628
9853
-3720
1917
-1460
8140
4443
7164
8651
5533
-826
2512
1829
6710
2769
-4027
-9440
-3447
-9022
4293
8024
7503
6681
2031
9193
-2439
7428
9224
-573
1183
4008
-9013
-7927
1465
-1880
-7955
-3874
5955
-5718
4350
-9532
-9152
-3571
-2295
582
-5595
-5095
-3834
-1069
-6425
8251
-1972
-1096
-8107
-7785
-1766
5292
9612
6746
-1774
3627
-449
5364
-8868
9390
-6331
1319
4382
-6651
190
7935
-2603
1672
8954
-3836
-7472
-5942
2927
8221
-9266
-4822
5937
-3338
3282
-2622
-2907
7745
-6059
-955
2001
1164
-7045
-5135
1449
6043
1566
-1285
7976
718
-4182
8850
4045
7330
-3434
-6729
-3820
8603
3748
-1009
7907
-4786
-1092
3078
-6116
3515
-5814
7358
1582
-6860
238
9963
3422
-5069
7450
1209
-7320
2129
-397
1118
6273
5128
-952
2856
-5911
-8438
-1109
-340
2320
-6885
-8229
2356
-4019
-5305
6639
-794
730
-2710
4157
7433
-3212
-9484
-3756
-2667
-7890
-4979
3037
-4276
-782
8469
2164
755
-9134
-4664
4024
-7629
-5938
-855
6606
9396
-3693
-5652
-6151
3117
6685
-165
3908
6772
-6081
6677
4793
-1054
-2063
-7695
-7760
1239
8735
8235
-1794
6463
2888
9993
-14
-6345
8353
9280
-5855
-3664
-7845
9765
5124
4107
-1777
3577
-3927
-2127
6229
6070
3353
8581
7429
9139
7978
6269
-7970
5965
-9556
5868
-1464
-2266
-5936
-1412
7572
8058
-3464
-1719
544
-292
-7273
375
-9869
-6687
9299
-7542
6833
-9907
7298
-9097
9302
-9502
5517
-5149
9500
5381
2255
7164
-6235
-4225
2745
-1815
6372
-5802
7223
1304
593
7623
2827
-4613
4818
4993
-8494
2192
-5174
-8657
5312
-2660
924
-7189
-3608
-105
7082
537
3345
3449
-7492
8458
6739
5345
6214
5118
7802
-9505
-5427
-4071
-6638
-5738
-8409
-8315
6586
-1315
-7760
-3943
4189
7707
5953
-5192
-4403
-3646
4842
-8967
-7654
-4051
-8415
7497
-4559
-9056
5089
-8266
-9066
-7614
-1644
3816
-8920
1879
-9447
-902
-320
2173
-3278
8505
-9700
-6120
1787
4895
7391
-6131
4342
-2638
3135
-6467
6162
-9333
9303
-3055
585
-1721
-4449
6582
9850
-7452
-8708
-382
-3823
7997
-9158
327
-3743
-4767
-2082
2162
-3105
9588
-1046
-8709
977
-5566
-9021
5534
-195
7879
-7936
9142
-3372
77
-5301
-3148
6547
-5706
1301
6071
-1241
-4979
5558
-2245
-8129
-6903
6010
7453
-8645
2718
5299
9746
8615
6167
2399
-1929
-5565
5265
-6180
8831
1939
4970
-7570
2842
-536
-6842
-7281
-8302
-5731
-3527
5563
-2386
3771
-4049
6497
-2415
-613
3335
6543
7699
9140
-2291
-1048
3612
409
9151
9296
-735
-5275
-1087
8370
-4117
-846
1672
-1579
-8857
-895
-8140
-2310
1350
3911
3609
-6761
8427
1554
-6735
-9515
4408
-1746
-2367
8199
9597
4182
7988
6754
-6930
-3070
-6765
-9909
-9405
-5349
3542
6629
-1355
1195
6223
-334
-7991
2282
3704
-2512
-9950
-9477
-6670
-200
6424
-3592
-8502
9105
-2933
-6444
-7114
-4493
9582
3894
8878
9760
-1859
9593
-1667
6975
4725
7807
-9312
5442
-3665
-2643
2303
6767
3277
-7853
3903
7696
9257
3120
759
6573
7679
1669
-2332
6338
-9491
-8221
-9932
-4886
6302
-6294
-662
9064
-8775
-1306
1210
-2125
7000
-1638
-1424
-1565
-7145
1797
-3068
-1060
-8158
-8414
-2764
1392
6518
-57
4970
-4289
896
4573
-3248
-5668
9608
7927
-447
3219
-2111
-7877
-4811
-1801
8016
-1217
-8325
-9298
-4686
1691
2717
2393
-5705
9321
-2894
-5410
1205
-2595
-9291
9837
1052
7245
-4790
-1519
