-1
-10000
-1008
-1009
-102
-1030
-1046
-1048
-1048
-105
-105
-1054
-1055
-1060
-1069
-1087
-1092
-1096
-1096
-1105
-1109
-1127
-1128
-1132
-114
-1165
-1173
-1175
-1196
-1208
-1217
-1218
-1225
-1241
-1242
-1273
-1285
-1292
-1295
-130
-1306
-1308
-1315
-1337
-135
-1355
-1358
-1368
-14
-140
-1412
-1421
-1424
-1430
-1432
-1432
-1456
-1459
-146
-1460
-1460
-1462
-1464
-1467
-1476
-151
-1515
-1519
-1525
-1551
-1554
-1564
-1565
-157
-1572
-1579
-1583
-1587
-1593
-1598
-1601
-1603
-1612
-162
-1627
-1638
-1644
-165
-1667
-1698
-1699
-1706
-1719
-1721
-1734
-1734
-1738
-1746
-1747
-1751
-1754
-1754
-1756
-1766
-1766
-1772
-1774
-1776
-1777
-1787
-1791
-1794
-1801
-1806
-1814
-1815
-1837
-184
-1847
-1850
-1853
-1859
-1861
-1878
-1880
-191
-1921
-1925
-1929
-1948
-195
-1958
-1966
-1969
-1971
-1971
-1972
-1984
-200
-2006
-202
-2053
-2058
-2060
-2063
-2078
-2082
-2111
-212
-2124
-2125
-2127
-2140
-2141
-2163
-2164
-2180
-2191
-2202
-2205
-2211
-2222
-2237
-2245
-2248
-2266
-2272
-2279
-2291
-2295
-2310
-2315
-2321
-2332
-2336
-2348
-2361
-2367
-2368
-2373
-2386
-2387
-2415
-243
-2433
-2436
-2437
-2439
-244
-2445
-2456
-2461
-2466
-2471
-2484
-2489
-2491
-25
-2500
-2512
-2525
-2544
-2548
-2595
-2597
-2600
-2603
-2604
-2622
-2638
-2643
-2644
-2660
-2667
-2679
-2704
-2706
-2706
-2710
-2729
-2733
-2733
-2736
-2753
-2763
-2763
-2764
-2804
-2809
-2826
-2848
-2849
-2873
-2876
-2886
-2894
-290
-2907
-292
-2933
-2934
-2936
-2936
-295
-2951
-2951
-2976
-2985
-2987
-2999
-3
-3013
-3021
-3023
-3033
-3043
-3055
-3058
-3067
-3068
-3070
-3072
-3078
-3104
-3105
-3111
-3117
-3142
-3145
-3148
-3164
-3188
-3188
-320
-3208
-3209
-3212
-3212
-3240
-3248
-3253
-3264
-3278
-3295
-3298
-3303
-3316
-3328
-3337
-3338
-3338
-334
-3340
-3343
-3347
-3366
-3372
-3384
-3398
-340
-3434
-3438
-3444
-3445
-3447
-3447
-3454
-3461
-3462
-3464
-349
-3500
-3515
-3522
-3527
-3527
-3532
-3548
-3551
-3571
-3586
-3587
-3592
-3608
-3618
-3627
-3640
-3644
-3646
-3653
-3658
-3664
-3665
-3667
-3680
-3693
-3699
-37
-3720
-3721
-3743
-3743
-3754
-3756
-3787
-3810
-3812
-382
-3820
-3823
-3832
-3834
-3836
-3854
-3859
-3861
-3864
-3874
-3874
-3876
-3881
-3905
-3927
-3930
-3931
-3934
-3940
-3943
-3960
-397
-399
-4003
-4003
-401
-4010
-4010
-4019
-4027
-403
-4039
-4044
-4049
-4051
-4059
-4071
-4072
-4101
-4103
-4103
-4104
-4112
-4117
-4119
-414
-4145
-4182
-4184
-421
-4213
-4215
-4218
-4225
-424
-4246
-4261
-4274
-4276
-4289
-4292
-4294
-43
-4330
-4332
-4333
-4343
-4370
-438
-4403
-441
-4412
-4429
-4449
-4458
-447
-4478
-4484
-449
-4490
-4493
-4498
-4499
-4519
-4544
-4557
-4559
-4568
-4576
-4579
-4591
-4598
-4599
-4607
-4613
-4634
-4649
-4659
-4660
-4664
-4667
-4667
-4668
-4670
-4680
-4686
-4689
-4766
-4767
-4768
-4769
-4769
-4786
-4790
-4794
-4796
-4811
-4818
-4822
-4823
-4827
-4849
-4854
-4855
-487
-4873
-4884
-4886
-4892
-4893
-4895
-4915
-4924
-4926
-4929
-494
-4943
-4973
-4979
-4979
-4981
-5000
-5012
-5022
-5022
-5040
-505
-5050
-5050
-5058
-5059
-5065
-5069
-507
-507
-5079
-508
-5089
-5091
-5095
-5099
-5118
-5125
-5134
-5135
-5149
-5160
-5169
-5174
-5174
-5192
-5201
-5222
-5246
-5275
-5301
-5305
-534
-5349
-5356
-536
-5362
-5366
-5387
-5396
-5404
-5410
-5427
-5445
-5448
-5456
-5460
-5463
-5474
-5503
-5521
-5564
-5565
-5566
-5578
-5581
-5595
-560
-5603
-5611
-5617
-5617
-5618
-562
-5624
-5636
-564
-5649
-5652
-5668
-5683
-5687
-57
-5704
-5705
-5706
-5712
-5717
-5718
-572
-5727
-573
-5731
-5738
-5778
-5780
-579
-5802
-5814
-5817
-5821
-5829
-5851
-5855
-590
-5901
-5909
-5911
-5912
-592
-5925
-5928
-5936
-5938
-5942
-5942
-5961
-5966
-5969
-5983
-5987
-5992
-6005
-6013
-6017
-6018
-6059
-6059
-6069
-6073
-6081
-6093
-6105
-6114
-6116
-6120
-613
-6131
-6143
-6151
-6180
-6198
-620
-6204
-621
-6212
-6213
-6230
-6235
-6255
-6267
-6273
-6276
-6294
-6327
-6331
-6345
-6348
-6384
-6390
-6392
-6425
-6425
-6427
-6430
-6444
-6467
-6473
-6474
-6488
-649
-6507
-6541
-6542
-6561
-657
-6573
-6582
-6611
-6619
-662
-6620
-6632
-6637
-6638
-6651
-6670
-6675
-6675
-6686
-6687
-6694
-6696
-6699
-6715
-6729
-6735
-6736
-675
-675
-6761
-6763
-6765
-6775
-6785
-6813
-6842
-6845
-686
-6860
-6861
-6876
-6885
-6903
-6930
-694
-6950
-6981
-7008
-7012
-7025
-7033
-7043
-7045
-7051
-7052
-7076
-7094
-7114
-7119
-7120
-7120
-7142
-7145
-7157
-7189
-7189
-7189
-719
-7206
-7213
-7215
-7217
-7224
-7230
-7246
-7267
-7273
-7277
-7281
-7289
-729
-7293
-730
-7312
-7320
-7322
-7340
-735
-7370
-7389
-7410
-7435
-7439
-745
-7452
-7463
-7472
-7473
-7477
-7488
-7492
-7502
-7507
-7532
-7542
-7547
-7558
-7567
-7570
-760
-7604
-7606
-7609
-761
-7614
-7617
-7629
-7642
-7647
-7654
-7658
-7687
-769
-7690
-7695
-7717
-772
-7730
-7750
-7751
-7753
-7760
-7760
-7784
-7785
-7787
-7789
-7792
-7797
-7818
-782
-7824
-7835
-7839
-7845
-7853
-7868
-7877
-788
-7890
-7927
-7936
-794
-7955
-7970
-7979
-7986
-7991
-7997
-8013
-8069
-8069
-8093
-8096
-810
-8100
-8102
-8102
-8102
-8107
-8129
-813
-8140
-8151
-8158
-8172
-8183
-8205
-8209
-8221
-8229
-823
-8231
-8234
-8235
-825
-826
-8266
-8284
-8299
-8302
-8309
-8315
-8325
-8340
-8359
-8381
-8409
-841
-8414
-8415
-8415
-8417
-8417
-8438
-846
-8467
-8494
-8494
-8496
-8502
-8510
-8532
-855
-8557
-8557
-8566
-8574
-8596
-8596
-8598
-863
-8631
-8639
-8643
-8645
-865
-8652
-8657
-8677
-8687
-8693
-8708
-8709
-8711
-8727
-8728
-8731
-8731
-874
-8744
-875
-8754
-8760
-8775
-8779
-880
-8822
-8824
-8834
-8845
-885
-8850
-8857
-8867
-8868
-887
-8874
-8875
-8888
-8897
-8907
-8912
-8920
-8927
-8934
-895
-896
-8966
-8966
-8966
-8967
-8967
-8982
-9
-9
-9012
-9013
-902
-9020
-9021
-9022
-9038
-9047
-9056
-9056
-9066
-9068
-907
-9071
-9088
-9090
-9097
-9098
-9103
-9121
-9134
-9135
-9152
-9158
-9184
-9211
-9213
-9215
-9219
-9222
-9223
-9225
-9236
-9242
-9266
-9266
-9282
-9291
-9298
-9305
-9312
-9312
-9315
-932
-9322
-9333
-9352
-9373
-9402
-9405
-9407
-9424
-9436
-944
-9440
-9443
-9447
-9453
-9470
-9471
-9477
-9484
-9486
-9488
-9490
-9491
-9493
-9502
-9504
-9505
-9515
-952
-9529
-953
-9531
-9532
-955
-9550
-9556
-9587
-9595
-9600
-9611
-9632
-9636
-9660
-9689
-9697
-9700
-9727
-976
-9786
-9789
-9800
-9803
-9806
-9806
-9808
-9809
-9810
-9813
-9821
-9848
-9849
-9851
-9869
-9871
-9874
-9903
-9907
-9909
-9917
-9929
-9932
-9950
-9951
-9964
-9966
-9971
-9980
-9989
-9992
-9993
-9998
101
1023
1029
1036
1045
1046
1052
1058
1085
1112
1118
1123
1128
1140
1141
1154
1159
1164
1179
1183
1195
1205
1209
1210
1216
1218
1231
1239
1265
1270
1272
1276
1288
129
13
1301
1304
1319
1339
134
1350
1350
1362
1382
1382
1392
1393
1400
1423
1434
1441
1449
145
1462
1465
1467
1476
1483
1518
1519
1534
154
1554
1564
1566
1573
1576
1582
1584
1589
1596
16
1603
1607
1609
1615
1623
1623
1627
1630
1630
1647
165
166
1662
1664
1666
1669
1670
1672
1672
1681
1686
1691
1693
170
171
171
1728
173
1743
1752
1753
1757
1773
1787
1787
1797
1807
1818
1827
1829
1840
185
1851
1856
1858
1867
1867
1870
1879
1885
1886
190
1907
1910
1917
1919
1924
1925
1927
1939
1947
1949
1955
1994
1999
2001
2013
2031
2039
2041
2060
2062
2075
2079
2083
2102
2129
2130
2135
2141
2162
2162
2164
2173
2182
2192
2192
2192
2192
2194
2206
221
2219
223
2231
224
2255
2271
2275
2279
2282
2283
2295
2296
2303
2305
2306
2315
2320
2320
2328
2329
2356
2356
2363
238
2393
2399
2402
2404
2410
2431
2435
2456
2463
2465
247
2472
2480
2504
2508
2512
2518
2525
2530
2551
2557
2577
2583
2587
2595
2596
2597
2619
2631
2638
2640
2647
265
2660
2663
2668
267
2681
2687
27
2704
2717
2718
2724
2745
2745
2755
2763
2769
2771
2779
2797
2798
281
2815
2827
2830
2842
2849
2856
2864
2868
2888
2890
2897
2907
291
2927
2927
2939
2964
3004
302
3020
3034
3037
3052
3052
3054
3065
3067
3078
3109
3114
3116
3117
3120
3123
3125
3130
3135
3139
3153
3161
3173
3195
3206
3219
3221
3249
3250
3250
3258
327
327
3270
3277
3282
3282
3285
3287
3293
3295
3311
3335
3345
3348
3352
3353
3355
3360
3362
3367
3374
3378
339
3395
3410
3413
3415
3422
3423
3442
3445
3449
3463
3465
3466
3480
3499
3501
3510
3515
3534
3537
3542
3542
356
3563
3571
3577
3578
3579
3596
3609
3612
3613
3617
3623
3627
3655
3669
3671
3675
3685
3695
3704
3710
3714
3716
3739
3748
375
3753
3758
3760
3760
3768
3771
3785
3794
3812
3816
3816
3817
3819
3831
3872
3894
39
3903
3904
3908
3911
3926
3935
3953
3968
3969
3970
4008
401
4024
4024
4028
4045
4052
4053
4078
409
4107
4115
4133
4136
4137
4157
4162
4182
4189
4219
4230
4256
4258
4260
4266
4268
4271
4272
428
4293
4323
4336
4342
4350
4355
4358
4375
4376
4382
4382
4386
4401
4408
4408
4414
4443
4466
4472
4493
4495
4514
452
4530
4535
4550
4573
4597
4613
4629
4630
4633
4635
4658
4668
4684
4696
4721
4725
4764
4775
4775
4779
4790
4793
48
4802
4818
484
4842
4849
4849
4856
487
4881
4890
4895
491
4925
4944
4948
4949
4963
4970
4970
4993
5017
5026
504
504
5067
5070
5083
5089
5093
510
5118
5123
5124
5124
5124
5128
5134
5136
5136
5150
5151
5155
5176
5199
5215
5217
5221
5223
5234
5251
5259
5260
5263
5263
5265
5273
5281
5289
5292
5298
5299
5299
5306
5310
5311
5312
5316
5319
5345
5352
5355
536
5364
537
5372
5381
5400
5422
5422
5436
544
5442
5488
55
5505
5507
5517
5533
5533
5534
5544
5555
5558
5563
5564
5567
5579
5600
5606
5613
566
5666
5686
569
5691
5691
5745
5770
5777
5789
5789
5790
582
583
585
5868
5879
5888
5890
5899
59
5902
5904
591
5922
593
5930
5937
5947
5951
5953
5955
5960
5965
5965
5972
5974
6010
6011
6043
6054
6055
6055
6059
6062
6070
6070
6071
6073
608
6083
6085
6092
61
6101
6122
6155
6161
6162
6167
617
6170
618
6188
6189
6195
6214
6215
6223
6227
6229
6235
6243
6246
626
6267
6269
6273
6273
6280
6285
6293
6294
6294
6298
6301
6302
6302
6305
6307
6317
632
6320
6329
6331
6334
6338
6359
636
6365
6372
6391
6394
6409
6414
6416
6424
6425
6428
6432
644
6463
6473
6480
6490
6497
6500
6518
6518
6522
653
6535
6543
6547
6558
6563
6573
6582
6586
6600
6604
6606
6613
6629
663
6631
6637
6639
6656
6664
6677
6677
6680
6681
6682
6685
6710
6723
6739
6746
6754
6767
6772
6795
6799
68
6801
6802
6807
6820
6820
6833
6853
6854
6869
6887
69
6905
6927
6943
6956
6971
6975
6998
7000
702
7036
7044
7082
7095
7096
7099
7099
712
7143
7151
7151
7164
7164
7174
7176
7179
718
718
7198
7203
7216
722
7220
7223
7229
7244
7245
7258
7262
7268
7275
7280
7282
7291
7295
7296
7298
730
7300
7321
7323
7323
7330
7353
7358
7391
7394
7411
7428
7429
7432
7433
7450
7451
7453
7481
7492
7495
7497
7498
7503
7518
752
7529
7541
7546
755
7553
7557
7567
7572
7576
759
7596
76
76
7608
7623
763
7645
7655
7660
7663
7663
7667
7668
7674
7679
7684
7693
7696
7699
77
7707
7734
7737
7740
7741
7745
7757
7758
7775
7781
7783
7802
7807
7808
781
7812
783
784
7863
7872
7873
7876
7879
7884
789
7890
7907
792
7927
7935
7935
7949
7959
7976
7978
7978
7981
7986
7988
7990
7996
7997
8016
8021
8024
8032
8058
8077
809
8091
8100
8115
8124
8129
8131
8138
8140
8151
8161
8163
8187
8194
8199
8218
8221
8221
8223
823
8234
8235
8242
8251
8251
8257
8258
8260
8264
8272
8282
8283
8293
832
8324
8330
8343
835
835
8353
8353
8358
8364
8366
8370
8371
8375
8413
842
8427
843
8444
845
8450
8454
8457
8458
8460
8465
8467
8469
8474
8488
8503
8505
8513
8538
8538
8574
8576
8577
8581
8589
8593
8600
8603
8612
8612
8615
8625
8625
8628
8650
8651
8655
8674
8681
8685
8702
8709
8723
8735
8737
8760
8772
8772
8778
8816
8827
8831
8849
8850
8856
8869
8870
8878
8878
8878
8884
8886
8894
8924
8931
8943
8945
8954
896
8960
8961
8974
8981
9017
9024
903
9033
9034
904
9050
9056
9064
907
909
9097
91
9102
9105
9106
9117
9119
9122
9131
9139
914
914
9140
9142
9151
9153
9155
9193
9224
9233
924
9242
9257
9275
9280
929
9296
9299
9302
9303
9304
9313
9321
9331
9341
9346
9390
9396
9400
9400
9402
9403
9403
941
9424
9432
944
9452
9471
9479
9480
9490
9500
9500
9501
951
9533
9545
9555
9560
9580
9580
9582
9588
9593
9596
9597
9608
9612
9627
9630
9647
9651
9686
9694
9699
9720
9724
9727
9730
9734
9744
9746
9746
9747
975
9750
9760
9765
977
9791
9792
9802
981
9814
9825
9832
9837
9838
9850
9853
9854
9858
9893
9902
9903
9912
9924
9929
993
9948
9956
9963
997
9986
9988
9993
9999
